41680.9952898 120.32167707
41681.2356262 108.703339003
41681.4278559 121.482621398
41681.6161124 109.133958871
41681.7997272 105.788543388
41681.9877183 108.906348418
41682.1703438 110.466044384
41682.3658632 106.630129963
41682.5515283 111.639000334
41682.7453528 107.975537308
41682.9379322 111.917652037
41683.1270972 107.243829396
41683.3166461 128.587950944
41683.5046094 139.97457703
41683.6916559 136.477396831
41683.8761887 154.061807765
41684.0686494 119.142251447
41684.2609539 122.915926791
41684.4497576 76.7856299998
41684.6366277 59.0352129296
41684.8309491 107.875082397
41685.0236234 65.9522302065
41685.206844 110.604275681
41685.3928054 113.222678852
41685.6100931 112.535876173
41685.8012736 26.5239540694
41686.0009789 111.44278611
41686.1902692 102.090591711
41686.3970023 103.163548474
41686.5992539 102.020637853
41686.7982759 107.829461023
41687.0128574 100.636501982
41687.2672924 105.163751923
41687.5066371 99.776987492
41687.7048796 106.012076725
41687.8925096 107.981754706
41688.1291436 108.763356418
41688.5085867 107.426664822
41688.7964895 144.45571732
41689.0416957 77.0778476738
41689.2470099 139.123029598
41689.4381499 104.495609573
41689.6236812 108.01034334
41689.8263891 101.899414881
41690.0753285 101.239890626
41690.3444337 81.1107575622
41690.6641312 129.995776402
41690.9685168 93.837761737
41691.204644 106.73179743
41691.4085895 112.110342527
41691.6057914 111.164459925
41691.7979341 109.393429415
41691.9864319 106.695062703
41692.1873144 107.392469137
41692.4681875 109.673130915
41692.8041558 107.434786501
41693.1050913 106.93725637
41693.2936673 101.797413758
41693.4866605 102.168162694
41693.6813733 107.078213882
41693.8759117 104.667572692
41694.0629568 100.679706383
41694.2427686 106.243520154
41694.4324673 108.103783335
41694.6760114 105.86842555
41694.8582761 124.985180785
41695.0433356 127.092561096
41695.2263111 102.21333648
41695.42223 110.832927792
41695.6950707 107.396782253
41695.8975261 60.8398043636
41696.0873089 143.60626948
41696.2898928 103.467916114
41696.5516503 107.660175292
41696.7618534 98.0453935108
41697.0556001 121.120287107
41697.2576343 72.8940112792
41697.4628172 145.032478577
41697.6724538 109.371562731
41697.8917263 105.197695331
41698.1016127 107.17955583
41698.2981563 106.781756333
41698.4859526 108.427527445
41698.6772115 114.624034635
41698.8545915 109.241607734
41699.0519655 110.60567541
41699.2402175 106.655154174
41699.4327509 113.254229702
41699.6170875 98.4975219928
41699.8120982 108.420479977
41700.0029615 109.047403586
41700.1913575 105.191754624
41700.3794545 107.431864975
41700.578593 105.117560892
41700.7606196 104.16710476
41700.939474 103.72503479
41701.1368072 107.628665131
41701.33395 101.011596585
41701.5330333 111.142707172
41701.7313111 105.516743842
41701.9243875 104.273549206
41702.1116365 108.490368731
41702.3028574 110.245098917
41702.5450336 110.324671837
41702.7383182 113.737966
41702.9497156 105.227366314
41703.1458687 108.597106143
41703.4203754 109.152139061
41703.6230771 113.384119595
41703.8011577 106.078864918
41703.9917109 106.412097883
41704.2726539 109.114077848
41704.471518 89.9308517997
41704.6655149 99.9774741416
41704.852699 107.479211595
41705.0987528 106.491857976
41705.3683919 123.537178246
41705.6452106 122.466614041
41705.8710013 91.4514367559
41706.0628455 105.349590254
41706.2579162 113.926058544
41706.4408314 108.011783758
41706.6804559 113.420292804
41706.8945104 106.099470219
41707.0808528 105.567223574
41707.2643157 105.063891082
41707.4559539 109.403536755
41707.6438219 101.288164973
41707.8408794 108.536510933
41708.0401239 113.194204149
41708.220091 106.560338864
41708.4142625 102.673993538
41708.6053509 101.629145271
41708.7885768 112.84511031
41708.9794045 110.232525777
41709.1638838 108.862273256
41709.3528627 111.550190835
41709.5421565 107.978759938
41709.8018824 111.157868181
41709.998137 60.0735589717
41710.1942281 122.512235415
41710.3904872 107.986995549
41710.5770622 106.150804437
41710.7651438 112.618867034
41710.9579483 108.105028442
41711.1471857 101.801035148
41711.3305338 104.581310373
41711.6029885 105.962557271
41711.8213593 102.91223216
41712.0111714 109.213588757
41712.2021582 106.891675686
41712.3976667 111.186391712
41712.6678946 110.115754266
41712.8604619 107.633360731
41713.0444361 115.932975806
41713.2328587 109.237945655
41713.4193188 108.344544722
41713.5995119 108.501444487
41713.7991826 102.778761566
41713.9882159 105.931454008
41714.1756314 105.533491752
41714.3670316 102.629560306
41714.5565552 103.671047599
41714.7387746 106.57825864
41714.9294861 104.176349476
41715.1135838 113.531497953
41715.3014086 111.535021688
41715.4919388 106.605366167
41715.676771 110.337692564
41715.8672024 114.121743801
41716.057209 101.597228213
41716.250502 106.481661119
41716.4387602 104.856910344
41716.6277061 105.052856015
41716.8152048 105.196938501
41716.9998452 105.360023112
41717.1880055 105.439132169
41717.3755545 98.2463765757
41717.5611171 106.30468502
41717.7541569 113.295424028
41717.9426087 104.255727086
41718.1343305 103.072378968
41718.3273417 108.038508801
41718.5082895 118.875196328
41718.6971577 117.296351755
41718.8894255 108.120718419
41719.0803624 111.062572733
41719.2733736 101.253000871
41719.4603021 108.523213516
41719.6521554 107.144814902
41719.8402432 102.149014087
41720.0273592 105.617857928
41720.2185266 106.706699978
41720.4034681 106.101512846
41720.5962676 103.150983472
41720.7940442 113.52952043
41720.9773712 100.695046427
41721.16303 105.970394121
41721.3503812 111.412301332
41721.5380745 110.018969572
41721.73214 113.106656033
41721.9213361 107.603234023
41722.1156966 105.285503861
41722.3069476 114.176585477
41722.5051324 103.763112279
41722.6926609 105.667890073
41722.8872737 106.48002539
41723.0833697 103.905461381
41723.2686862 102.446350534
41723.4533212 102.076089876
41723.6500167 108.069408615
41723.8381255 105.077644225
41724.023378 100.936206574
41724.2072376 103.826230255
41724.3898455 104.565840122
41724.5717555 108.220587398
41724.7618149 111.74214077
41724.9419924 113.871078523
41725.1345847 106.411658434
41725.3251207 111.043204401
41725.5131887 109.92937883
41725.7025512 108.481189118
41725.891409 104.717214215
41726.0749798 102.422075016
41726.2603299 106.354643924
41726.4520648 108.208152603
41726.6931585 101.711485095
41726.9025948 102.935124226
41727.1823777 103.07750588
41727.4977209 103.823447075
41727.76275 103.058568859
41727.9975507 105.360120767
41728.3121654 112.177993343
41728.5773373 121.037833351
41728.8486642 106.640831373
41729.0913256 104.212587788
41729.3708701 105.618313653
41729.6466985 107.013419487
41729.8987212 104.847869077
41730.1494063 102.899284674
41730.4173591 112.100373532
41730.7083772 112.567850197
41731.0170761 105.957528015
41731.3319483 105.808815032
41731.6290544 111.970312742
41731.83848 118.936475126
41732.0341005 112.816676297
41732.2195153 103.828525158
41732.4070083 108.344919068
41732.6054185 105.190599035
41732.7990342 107.295236855
41733.0155232 106.33595918
41733.2778793 175.885287392
41733.583093 224.945614049
41733.784043 125.308086685
41733.9761594 103.507035262
41734.2240788 107.490564042
41734.457184 27.794728233
41734.719192 74.1084219692
41734.9356187 216.307411235
41735.173967 133.745697057
41735.4255107 45.1619127449
41735.7096892 32.3823292454
41735.9077989 103.99717613
41736.1025743 103.767669534
41736.2956624 107.826572049
41736.4959798 104.703249485
41736.708891 108.12441305
41736.9145939 107.861809393
41737.1069642 111.839861329
41737.2880423 108.791025464
41737.4787824 107.418469902
41737.6679928 105.595356483
41737.8603308 104.000830071
41738.0436824 107.123501599
41738.2345255 108.947135847
41738.4170797 111.369064379
41738.6020994 113.581871892
41738.7951671 110.268275812
41738.9868749 104.166673448
41739.1701483 109.975398963
41739.3640811 105.211114818
41739.5656142 100.608173762
41739.754497 107.195441118
41739.9494428 108.968750254
41740.1405065 103.78554862
41740.3215462 104.336724148
41740.5100368 102.957910499
41740.704563 103.698203953
41740.9536552 105.235642614
41741.2103182 114.17999528
41741.4451895 122.899886882
41741.6289274 103.096516142
41741.8639468 112.493648326
41742.0728642 140.090787022
41742.2709251 108.593484754
41742.4650926 108.725742792
41742.6637871 107.55064656
41742.8629301 104.163621715
41743.0712724 104.351380604
41743.2615169 104.841472644
41743.4447522 98.6785345171
41743.6454411 101.727997005
41743.8386932 101.33277724
41744.0401981 105.585835076
41744.306115 112.638463229
41744.5974996 213.158755218
41744.9044317 132.327829363
41745.079007 110.673456433
41745.279718 106.739178555
41745.4663554 102.202163068
41745.6566145 106.19682457
41745.8508427 104.65285927
41746.036122 107.215606969
41746.2238728 122.77596211
41746.420252 104.782741026
41746.6073472 114.248704031
41746.7982519 109.22976701
41746.9823003 120.99108894
41747.1676136 117.604845338
41747.3553437 110.64605594
41747.5461168 114.366574165
41747.7390888 102.186619575
41747.9338589 109.766497668
41748.1210687 108.488350518
41748.3062761 104.937671406
41748.4940973 109.186302195
41748.6824401 110.751198314
41748.8702593 109.489221279
41749.0534973 108.649172777
41749.2359954 106.616368682
41749.4219157 113.337448426
41749.6068725 110.17605651
41749.7968143 111.298605968
41749.9793642 109.150055745
41750.1650685 108.389336024
41750.3519273 107.772161685
41750.5406475 104.758579439
41750.7348642 103.181256663
41750.9261086 107.63969206
41751.0803487 102.08566011
41751.2354938 104.251576729
41751.392293 106.671015047
41751.5545956 109.214239793
41751.7185313 108.23983366
41751.8833562 112.01472156
41752.0414201 109.921216461
41752.1969363 113.219228359
41752.3812751 105.913176162
41752.5705687 107.704868938
41752.7512632 108.702484518
41752.9152563 106.318958993
41753.0756241 106.182306459
41753.2691839 106.111913152
41753.4554385 108.177301617
41753.6169831 102.640562821
41753.806319 104.129173753
41753.9768597 107.969857016
41754.1311534 108.477014347
41754.2864372 108.466093212
41754.4458983 107.240802077
41754.6351418 111.859571455
41754.8260834 112.604251267
41754.988184 107.241656562
41755.151319 112.565416948
41755.3036116 105.928377862
41755.4569705 106.174762575
41755.6089633 108.782391094
41755.7786091 104.265997184
41755.9352517 104.625987744
41756.1285956 107.366305613
41756.3135252 105.199200853
41756.4955988 104.452193586
41756.6839051 103.693532767
41756.8865198 109.649970296
41757.0709071 105.219602705
41757.2610901 111.199314784
41757.4431287 110.622577941
41757.6358071 115.694582564
41757.8208301 116.441484037
41758.0143607 106.250925692
41758.2099024 105.900196125
41758.3931791 102.937240094
41758.5759587 107.337660013
41758.7661875 106.877214541
41758.9570543 104.282419577
41759.1563269 104.197727883
41759.3399881 107.062564595
41759.5209237 104.395984733
41759.7205181 110.222190575
41759.9126615 107.570893792
41760.1143632 114.226812933
41760.3076297 113.315654983
41760.4904428 111.091657783
41760.6876922 105.862842913
41760.8953121 105.918286798
41761.0825974 107.651752509
41761.2667842 110.953841521
41761.4482582 105.159210944
41761.6303695 102.476200552
41761.8306307 105.019433436
41762.0193592 106.534549686
41762.2089509 101.616962753
41762.3958843 108.573986214
41762.5854286 115.529496016
41762.7791357 109.543851368
41762.9697278 109.780145018
41763.1542186 114.058544445
41763.3451741 109.267120222
41763.530278 105.251104727
41763.7270143 107.418111832
41763.9199037 103.877385438
41764.1074786 106.239320969
41764.3011592 106.515604528
41764.4836499 104.37976579
41764.6690201 102.919173835
41764.8654034 107.94266811
41765.0597627 115.942147281
41765.2529497 113.96705756
41765.4379162 112.476599312
41765.6340831 111.115160196
41765.8272965 105.720916985
41766.0262559 111.032087955
41766.2116099 104.411870021
41766.3927717 107.865145954
41766.5783433 105.265590287
41766.767445 97.3508190851
41766.9615233 97.3271620511
41767.1500603 102.023486137
41767.3335122 103.114850953
41767.5101069 103.542785296
41767.6942935 107.588113704
41767.8896892 114.464766726
41768.0776399 114.008536714
41768.2590625 107.248118098
41768.4463236 109.003808563
41768.6297253 110.879078133
41768.8393762 104.203619762
41769.0507731 103.546585721
41769.2345779 110.507092227
41769.4249426 104.96884791
41769.5997331 103.416663276
41769.791197 103.448083919
41769.9788736 105.868954517
41770.164963 106.678510103
41770.3486417 104.237400412
41770.5369748 113.467183698
41770.7322267 110.561600247
41770.9258069 110.753867563
41771.1155713 111.801409494
41771.3081499 107.753314182
41771.4966771 105.999446619
41771.6811681 111.184153775
41771.8780827 113.575312701
41772.0614459 107.063695771
41772.2481944 104.804111295
41772.4463298 104.109341558
41772.6325685 104.604446578
41772.8261041 107.487618102
41773.0173801 102.028490979
41773.2037854 111.115615921
41773.3924406 107.436373402
41773.5875994 110.86381133
41773.7832045 113.393722382
41773.9858966 111.12807513
41774.1786656 107.722007471
41774.3651904 108.671373117
41774.5525924 106.605545202
41774.7429672 107.275974317
41774.9509699 103.050520422
41775.1508613 106.564000944
41775.3345871 103.517451844
41775.519476 102.335267454
41775.7126034 105.047354758
41775.9261568 104.511047273
41776.1122018 109.58084651
41776.2989156 112.497237164
41776.478418 113.362301739
41776.6620329 111.19929037
41776.854339 110.656033073
41777.0592779 108.83571911
41777.2385182 107.483150365
41777.4312836 108.756121776
41777.6226207 104.688527925
41777.8173485 103.190981519
41778.0063061 100.369536381
41778.1851347 106.391606514
41778.3692822 104.373401909
41778.5666513 108.003328423
41778.760399 108.221140778
41778.9548208 117.427210065
41779.1510941 121.456303253
41779.3358674 115.993863982
41779.5198878 112.039550459
41779.7237319 111.070149169
41779.9273326 106.104239061
41780.1131747 109.753151423
41780.2983271 114.480131184
41780.4784939 96.1193512423
41780.662461 103.372327699
41780.8513391 106.342933407
41781.0495789 105.555952507
41781.23525 105.42814593
41781.4242035 105.005818638
41781.6129363 113.982332501
41781.8061105 116.806373646
41782.0002715 104.295074096
41782.1894877 106.779843914
41782.3817423 113.885669876
41782.5671866 109.307362408
41782.7610195 110.135016805
41782.9498682 108.966715766
41783.1397935 103.398841155
41783.3164497 110.891944239
41783.5008511 100.480611323
41783.6843171 100.650010986
41783.8880516 106.080980786
41784.0744861 104.216591662
41784.2529759 105.15624059
41784.4487491 111.021549304
41784.6373778 115.23709117
41784.8237352 111.979923666
41785.0095816 107.958927743
41785.1943754 109.921314117
41785.3838824 110.492704324
41785.5684662 105.515783563
41785.7485806 109.804428675
41785.9444324 107.132201073
41786.138833 106.832040755
41786.3298152 105.847331972
41786.5093155 106.152008854
41786.6852922 105.565140258
41786.8754332 107.747674579
41787.0638254 111.849032804
41787.2535224 114.604511682
41787.4371718 110.440857415
41787.6285307 106.933008358
41787.8165782 106.590839918
41788.0074064 110.673025122
41788.1948308 109.531815334
41788.3855126 104.959269537
41788.5765864 106.819190925
41788.7553867 103.650613195
41788.9453626 104.763991178
41789.1320446 95.4146532011
41789.314552 92.6269073331
41789.5053977 113.506669054
41789.6875721 107.661062329
41789.8847567 106.980363116
41790.0768746 112.577216982
41790.2631288 112.69801678
41790.4493703 109.497066267
41790.6318832 110.045336545
41790.8189276 110.761427723
41791.0172268 108.477112003
41791.2112194 108.530195881
41791.397329 108.37439474
41791.5820085 106.164134406
41791.7808165 105.528950774
41791.9734983 109.882951799
41792.1552477 102.807097924
41792.3488649 108.989689212
41792.5452717 110.096320831
41792.7357713 111.574075732
41792.9299825 104.504333461
41793.1177706 106.161961573
41793.3080175 102.228082454
41793.4917251 106.824846803
41793.6786906 105.913949268
41793.868727 109.62528788
41794.0642557 109.974430547
41794.2469056 106.226568794
41794.4338328 109.078189468
41794.6287158 108.471016675
41794.8212564 110.766220978
41795.0177723 109.226495553
41795.207149 106.436764024
41795.3973885 102.988313897
41795.580345 100.227480245
41795.7640278 106.282655577
41795.9556973 107.618338067
41796.1453765 101.623839324
41796.3284544 106.232794329
41796.5108738 109.983463676
41796.6984412 109.939022306
41796.8968905 116.094115445
41797.1056687 109.610338458
41797.2947623 104.617988135
41797.4739412 106.620494625
41797.6566821 105.626223745
41797.8469876 108.677045271
41798.0416022 106.496748887
41798.23073 107.717352561
41798.4107243 102.973925993
41798.5995435 107.281597643
41798.7832434 102.796982446
41798.9713844 102.755991569
41799.1584631 104.147663186
41799.3350508 102.57869809
41799.5226159 109.100723464
41799.702398 114.179751141
41799.8969408 110.930518144
41800.0896973 113.561673489
41800.2815204 105.11577868
41800.4662142 107.614033089
41800.6456962 107.742458151
41800.8328133 109.232338604
41801.0356503 101.674612023
41801.2205706 105.972770404
41801.4097987 105.74297898
41801.5953002 98.6986922307
41801.7823363 102.505310015
41801.9832031 108.892717344
41802.1799395 106.127090437
41802.3658683 113.455871941
41802.5537988 111.901148265
41802.7543447 109.644127245
41802.949475 114.874846396
41803.1396328 108.245733677
41803.3207791 111.87423605
41803.5218985 106.345741001
41803.7336843 105.022940894
41803.9363311 99.487447205
41804.1303357 107.341256988
41804.3161262 103.436910507
41804.4933493 104.28646414
41804.6773789 103.679242519
41804.8678982 106.62998348
41805.0795469 104.264271938
41805.2669252 112.278684255
41805.451462 113.307484477
41805.6383414 107.009277268
41805.831381 111.956250356
41806.0242312 106.304603641
41806.2138276 109.155744175
41806.4003204 110.908684011
41806.5979049 104.130988517
41806.787152 103.072069726
41806.9837464 104.819402511
41807.1991488 105.98496106
41807.4198336 105.539578942
41807.615283 108.92929745
41807.803946 111.492419495
41807.9980893 112.36098339
41808.1840501 114.655097208
41808.3668999 107.119457036
41808.5529469 110.439994792
41808.7449251 112.03302382
41808.9558282 111.587348736
41809.1488063 104.705812941
41809.3296601 113.320676101
41809.5157356 102.836638699
41809.6982504 105.02908505
41809.8858856 104.585574662
41810.0837038 104.326364532
41810.2733353 110.351999089
41810.4585418 117.307077579
41810.646363 110.453739797
41810.8338112 109.770818922
41811.0196912 112.89428797
41811.2094127 106.612901913
41811.3961907 107.330368405
41811.5754067 110.258827646
41811.7631356 104.441191071
41811.9530171 107.595421587
41812.141662 101.29259202
41812.3350522 103.20876295
41812.5235293 104.843539685
41812.7136893 107.391191478
41812.8970177 105.727573832
41813.0834574 107.423075984
41813.2775853 108.9071378
41813.4682498 118.020963371
41813.649149 107.981201325
41813.835673 110.814446497
41814.0246302 107.278326185
41814.206292 108.545088337
41814.3921737 103.827654397
41814.5735828 102.660989087
41814.752331 107.797519551
41814.9425751 103.420341631
41815.1370092 100.519527022
41815.3265888 105.434517948
41815.5773349 105.964412725
41815.8242785 28.42058577
41816.0976068 77.6039501632
41816.4027423 208.16276723
41816.7175634 166.966756455
41816.9019726 101.580854648
41817.0888389 109.264149869
41817.2750533 109.783855926
41817.4660452 107.486128856
41817.6496794 102.79816245
41817.8454417 104.706854599
41818.0374713 101.408248631
41818.2229289 107.386902776
41818.3998403 106.764878216
41818.5944227 114.944906047
41818.7918082 112.350607498
41818.9779997 110.144473108
41819.1669048 109.80317543
41819.3532287 107.466793076
41819.5441333 106.794760785
41819.7262722 109.02936174
41819.909036 105.069742271
41820.1041087 105.03011857
41820.2890794 104.629153409
41820.4764351 101.579389816
41820.6822268 102.552974016
41820.8693353 111.81256663
41821.0557818 105.113915089
41821.2317041 109.933390842
41821.4218801 111.351380604
41821.6193244 108.046793239
41821.8129767 109.013175349
41821.9920241 107.656342315
41822.1773547 104.730877841
41822.357839 107.324509078
41822.5461071 110.388025814
41822.7380593 103.948193781
41822.9212211 103.055972852
41823.1025948 101.82318666
41823.2918269 106.076716498
41823.4760017 106.444373011
41823.669131 103.605284788
41823.86088 110.523766896
41824.0465226 111.784547652
41824.2277264 109.767164981
41824.4703612 107.881552071
41824.7055627 31.1655341347
41824.9721885 57.3184951294
41825.1671823 93.9235764683
41825.3583123 107.266656359
41825.5420772 103.159235358
41825.7427407 101.600247394
41825.9971001 75.4341680162
41826.1934565 97.8834319382
41826.3843258 104.761256826
41826.5761874 104.079288092
41826.8646607 112.198647472
41827.1403718 78.7097354351
41827.4112964 122.238230483
41827.6463089 108.625768019
41827.8370642 112.16563179
41828.0363126 99.9863119604
41828.2587889 105.015030802
41828.4851329 101.967114525
41828.7228071 99.739520349
41828.9981847 111.824244594
41829.2140997 115.612088118
41829.4111997 110.282020817
41829.6055116 111.850668533
41829.8004276 107.700157063
41830.0047413 110.130589758
41830.2616053 105.578405124
41830.5497414 218.516336944
41830.8621845 153.381694485
41831.088241 105.598505872
41831.3114023 107.915169961
41831.5012519 107.410364499
41831.6839075 108.404757448
41831.9173148 113.676125683
41832.1325542 109.51873764
41832.3322623 107.826775498
41832.5326429 111.377763853
41832.7081902 108.116389027
41832.8648498 105.219578291
41833.0266311 99.303871225
41833.1898094 104.079304368
41833.3663617 102.253505424
41833.5558646 107.321888657
41833.7501378 111.163377577
41833.9136438 113.394829144
41834.078273 110.145726353
41834.239934 119.103229954
41834.3997196 107.480961255
41834.5606318 109.153994515
41834.729674 106.240533524
41834.8885466 107.772544169
41835.0499125 103.33210179
41835.2139414 103.234283575
41835.3941963 101.949666751
41835.5822115 107.831959375
41835.8306446 111.125251259
41836.0148752 106.849342046
41836.19495 105.645217731
41836.3973182 112.057787616
41836.5971685 118.252707904
41836.7975739 110.817384299
41836.9835179 113.670681391
41837.1617815 113.1344797
41837.348296 115.486836858
41837.5418834 118.261806138
41837.7321827 102.273728241
41837.9205696 97.9437748716
41838.1043123 107.240557938
41838.287883 108.122638976
41838.4814166 108.997501648
41838.6718369 109.117829445
41838.8681401 115.476078482
41839.0555743 110.976180207
41839.240237 104.204531213
41839.5696451 109.986214305
41839.8329751 26.6306507922
41840.1002389 66.9812664285
41840.3407288 106.862086083
41840.555263 101.156793971
41840.7521269 93.4407190697
41840.9495726 104.12910865
41841.1437843 114.895703974
41841.4124011 106.802068668
41841.6876232 206.316338571
41841.9484221 216.591320058
41842.164155 103.932625874
41842.3452506 103.475866896
41842.5307073 103.741213044
41842.7109649 102.789918702
41842.8935425 105.858326348
41843.0870588 106.175714716
41843.2838201 114.647537048
41843.4790267 116.411015535
41843.6739375 108.601468087
41843.8602472 112.099144701
41844.0475587 112.962239891
41844.2328535 102.035334999
41844.4189127 112.212107649
41844.6005267 105.311984766
41844.7891707 98.4617475444
41844.9885259 108.288840423
41845.1819056 106.213458549
41845.3790423 98.2030745193
41845.5709481 107.624701947
41845.7577921 103.004109667
41845.9625722 110.731537015
41846.1555905 115.17641458
41846.3437168 108.034350306
41846.538408 108.639171231
41846.7452845 107.341094229
41846.966924 106.565303017
41847.2170212 108.05311643
41847.483958 81.386699327
41847.7433706 27.0879468754
41848.0594249 82.8841399403
41848.2993286 103.939071134
41848.4874328 103.54424199
41848.6840113 109.216412627
41848.8803955 110.45615677
41849.1042327 108.849350184
41849.3028115 108.85875766
41849.5146556 106.477730487
41849.7359584 105.695217324
41849.9653568 105.527616149
41850.2054764 102.582229962
41850.4201317 114.805511023
41850.6199712 108.432914771
41850.8058928 102.510241616
41850.9933664 108.588219497
41851.1820648 110.079011401
41851.3692533 109.754738324
41851.5644469 102.473685924
41851.7724357 113.780836744
41851.9812654 101.459688642
41852.1816558 106.387708433
41852.3927365 103.883846974
41852.6480325 105.715521521
41852.9001644 114.401396473
41853.1689442 108.229205491
41853.4420944 115.289117113
41853.6574409 114.98062353
41853.9110724 105.845525346
41854.2745948 110.302170392
41854.5230817 106.948112401
41854.8027289 103.168846282
41855.0747732 106.686534127
41855.2871274 107.150120849
41855.4869963 99.8404228481
41855.721693 105.207477153
41856.013597 112.754136115
41856.3016387 108.435917676
41856.5895548 112.681838527
41856.8741771 224.080199543
41857.1485035 128.093106339
41857.3684342 100.961898097
41857.5585629 109.838998706
41857.7364729 103.14383021
41857.9617656 103.531856023
41858.1578647 103.535778517
41858.3394884 108.410641189
41858.5246451 116.55498409
41858.710893 109.062182111
41858.9161342 110.996175161
41859.126778 113.272401755
41859.3092173 103.986067822
41859.493635 106.292063053
41859.6770016 108.193252008
41859.8585413 103.924414678
41860.0599302 105.824814251
41860.2611922 109.370708246
41860.452252 99.8381686347
41860.6343028 108.13734426
41860.8169117 106.581334787
41861.0094775 111.976440621
41861.1949238 113.296392445
41861.3730585 110.710874749
41861.5565983 114.576281118
41861.7341439 103.660793776
41861.9216396 105.518794606
41862.1165807 109.238962899
41862.3013762 103.461422026
41862.49542 109.057128441
41862.6773437 106.263523246
41862.872514 103.629934652
41863.0707743 104.835710972
41863.2536454 106.768637951
41863.4384313 105.762029931
41863.6242423 107.372287009
41863.8011395 108.296962102
41863.992277 109.553039119
41864.1871432 104.513309625
41864.367098 111.308892343
41864.5564388 107.799033211
41864.7455463 102.772918515
41864.931218 107.737201032
41865.1278741 103.400021159
41865.3158843 106.401583646
41865.5460102 105.083747691
41865.9884193 110.674701541
41866.2115322 25.2272849342
41866.402888 108.569355718
41866.5845616 109.078482434
41866.7693892 111.827288189
41866.960611 107.26430449
41867.1497233 102.533605684
41867.3402044 107.349891358
41867.5290843 107.616140819
41867.7220612 106.397840187
41867.9138098 107.5070434
41868.1026866 102.439433273
41868.2898013 107.92289288
41868.4795806 101.063394666
41868.665398 105.000821933
41868.8545856 104.868181411
41869.0497074 104.09134854
41869.2462564 103.850115152
41869.4322634 109.309291103
41869.6180548 117.888038021
41869.8084045 110.050740147
41870.004992 120.794890992
41870.1944919 111.844459274
41870.3831264 112.815276568
41870.5651689 101.146328562
41870.7595472 106.097224144
41870.949629 118.951554756
41871.1326241 109.190672276
41871.3184582 110.354171922
41871.510359 101.134064664
41871.6987362 100.472644266
41871.8856006 105.396570666
41872.0666351 111.889974854
41872.2483433 104.116836614
41872.4333897 100.121768215
41872.6127458 112.148566499
41872.8009916 112.000252277
41872.989234 110.457491394
41873.1759337 105.697707538
41873.369928 110.109756594
41873.5587814 115.541938949
41873.7475428 106.331890203
41873.9286252 105.711818751
41874.1095018 104.578795745
41874.3020506 103.689748619
41874.4943644 106.416980656
41874.6853148 113.608157486
41874.8669635 108.804933228
41875.0440959 103.378113785
41875.230917 111.745631953
41875.4163792 103.03342258
41875.6002794 106.425989372
41875.7930455 106.404505172
41875.9821719 106.772812721
41876.1691653 112.956852565
41876.3560852 109.436861679
41876.5464303 109.562820941
41876.7321826 108.966870387
41876.9233652 115.688951099
41877.1196071 111.179344244
41877.3017938 105.384363734
41877.4937193 111.314946981
41877.6819384 110.295537959
41877.8708537 105.717132836
41878.0626522 106.787729592
41878.255693 107.492875221
41878.4410308 102.793963265
41878.6232317 99.5278684255
41878.8033907 109.466190868
41878.9846255 107.992716531
41879.1857389 106.982047672
41879.3750922 104.397327496
41879.5678883 108.38509615
41879.7565959 104.842196922
41879.9425527 102.010099202
41880.1313847 107.710817783
41880.3202717 105.583019344
41880.506266 106.104873821
41880.6884631 106.837021183
41880.8762413 104.519242194
41881.056373 101.574205939
41881.2524427 106.584435348
41881.450967 106.020466956
41881.640603 112.083251276
41881.8289462 109.987768654
41882.0151101 110.288189386
41882.1993061 109.702346172
41882.3863596 110.048323174
41882.5821924 112.49621992
41882.7686401 105.918018245
41882.9528802 110.896908391
41883.1441152 103.729038663
41883.3220298 106.464693484
41883.5107371 107.742287254
41883.6946486 107.506148225
41883.8761837 105.266168081
41884.0628026 107.071451241
41884.2625008 107.018546399
41884.4514015 105.279432947
41884.6418021 102.754241909
41884.8333959 108.10897535
41885.014509 103.903972136
41885.2090777 106.443453422
41885.3958357 105.383851043
41885.5879437 103.597244489
41885.7724497 105.12294008
41885.9509004 104.065795363
41886.1499207 106.521512683
41886.3384125 105.121499662
41886.525158 102.786240346
41886.7100749 103.692043522
41886.8957444 107.942261212
41887.0837986 111.227651142
41887.268155 104.262221173
41887.452828 111.455969597
41887.6346742 113.580114094
41887.8145408 111.346888453
41888.0005953 115.282411439
41888.1933095 112.390418372
41888.3831555 107.704519006
41888.5742818 107.296693549
41888.7563998 106.260268064
41888.9364858 107.217470561
41889.1254748 109.843498995
41889.3165 107.096849798
41889.5028981 103.741595527
41889.6874742 103.71886622
41889.8751338 100.224452926
41890.0629294 102.785141722
41890.2458457 102.738836761
41890.424497 105.924243781
41890.6186242 104.298345554
41890.801271 103.580691889
41890.9897788 105.324826458
41891.1782183 107.9368983
41891.364946 105.953353244
41891.5526993 107.036344105
41891.7414138 105.554088915
41891.9322576 104.682269838
41892.1238546 107.919434249
41892.3088776 112.422994605
41892.4988554 109.452209862
41892.6829036 110.57265159
41892.8716094 110.558125341
41893.0571399 108.118496757
41893.2506751 111.376095572
41893.4368849 105.441858383
41893.627217 105.649970296
41893.8181405 110.222158023
41894.0119526 103.453707245
41894.1925937 107.718320977
41894.3776679 106.042048811
41894.5592084 103.90538814
41894.7468953 104.516955428
41894.934907 104.72208885
41895.125976 102.810963452
41895.3170668 106.462463684
41895.5071263 105.439929688
41895.692526 105.099364426
41895.8771647 106.264597456
41896.0667583 106.042447571
41896.2518562 103.552453186
41896.4339935 107.971964746
41896.6188593 106.607677346
41896.7994828 110.881340484
41896.9871287 111.344186652
41897.1844024 110.488505139
41897.3716866 107.327552673
41897.5565531 110.260894687
41897.7364364 108.471106192
41897.9282582 106.327389914
41898.1089033 106.274485071
41898.3022319 106.417330588
41898.4858032 104.348686941
41898.6804783 107.083690725
41898.8812976 105.962239891
41899.0693125 105.353529024
41899.2619739 106.266721462
41899.453637 105.035334999
41899.6368511 100.143040828
41899.8286762 111.63821909
41900.0164884 106.869263759
41900.2022508 107.449223232
41900.3919282 102.982796364
41900.5808854 104.202496724
41900.7640829 112.040372393
41900.9513481 108.053026912
41901.1416666 109.159512048
41901.3250389 112.738031103
41901.5109858 110.853223851
41901.6962376 111.428927173
41901.8811515 106.488366794
41902.0588303 103.938851409
41902.2565302 108.402389303
41902.4511616 99.5457637877
41902.6391967 111.633336317
41902.826958 109.285015584
41903.0114811 101.653754445
41903.1901583 104.975879103
41903.3758176 106.313213597
41903.5632713 105.523547172
41903.7458906 115.33591849
41903.9353294 106.832293031
41904.1208888 102.521016268
41904.3038161 106.30544185
41904.4922609 107.209088468
41904.6727949 106.586307078
41904.8569314 101.86372995
41905.0431709 104.167243105
41905.2252786 104.162905575
41905.4090042 105.102009261
41905.5987466 102.554577193
41905.7847571 106.881470691
41905.9762981 110.289849529
41906.1620489 113.983219538
41906.3567516 109.270367266
41906.5451976 108.629023201
41906.7362079 108.849984945
41906.9214498 106.309112068
41907.112774 107.34141161
41907.2983531 106.867636168
41907.4819925 104.041251292
41907.677699 106.754193081
41907.8708513 109.529569258
41908.0569826 107.854175991
41908.2437302 102.726060172
41908.431027 106.846534452
41908.6172622 104.747023543
41908.8043622 106.568452405
41908.9973188 103.138402194
41909.1990909 107.576557808
41909.3989827 109.626077262
41909.5842416 102.846998315
41909.7637339 104.340264158
41909.9521862 105.354041715
41910.1469548 104.534793825
41910.3270315 105.60666824
41910.5076895 108.678615897
41910.7006743 111.507987402
41910.8849712 110.595364621
41911.069737 108.368209894
41911.2555634 110.925407508
41911.4437118 108.837696633
41911.6323833 107.960677403
41911.8174703 110.507352642
41912.0039238 107.56831406
41912.1881508 109.396147492
41912.3767026 104.964795208
41912.5551427 104.075406287
41912.7399969 105.577208844
41912.9421887 106.914624718
41913.1440212 104.877588887
41913.3421447 102.601313466
41913.5134402 104.683010392
41913.6651321 104.832960344
41913.8294737 108.051423735
41913.9942191 104.352104882
41914.1489211 106.404366826
41914.3060131 105.901831854
41914.4639789 107.898763845
41914.6174695 109.541605293
41914.7735761 109.744386846
41914.9286303 106.146491321
41915.0852591 110.465263141
41915.2434941 109.190314206
41915.4009813 106.1738674
41915.5591813 108.164728477
41915.7184928 107.660370602
41915.8844836 106.784604617
41916.0675807 103.999715172
41916.248285 108.534452031
41916.4160109 108.431449939
41916.580577 105.097354351
41916.7472898 104.302422669
41916.9119693 107.378870615
41917.0862411 103.688861582
41917.2782203 103.52916236
41917.4673449 103.431441801
41917.6532044 98.2032047265
41917.8431563 108.600955396
41918.0370836 110.51265045
41918.2297177 108.298573417
41918.4205015 113.377609232
41918.6061114 106.903980274
41918.7877301 112.934163947
41918.9761144 103.739699384
41919.1679865 106.402625304
41919.3551107 107.314043668
41919.5465857 107.354041715
41919.7451564 103.031030021
41919.9320933 107.78670421
41920.1241006 110.577802915
41920.3121522 106.578429538
41920.4995017 102.76235545
41920.6953911 103.982535949
41920.8791889 103.889584232
41921.0657974 110.827947364
41921.2550206 109.11550199
41921.4427651 112.336064973
41921.6280944 111.187213646
41921.8119886 112.559329758
41921.9895028 108.573742076
41922.1685363 110.915112995
41922.3583727 112.78813649
41922.5494921 110.99932455
41922.7373207 108.173460502
41922.9177142 108.788934009
41923.1031432 108.477396831
41923.2900302 107.561038729
41923.4768469 107.171214427
41923.6700649 108.641938135
41923.8567111 106.976155793
41924.0416608 107.563358046
41924.2276304 102.877263369
41924.4221027 108.604324509
41924.607757 102.793304091
41924.7958328 103.87407329
41924.9895476 103.242185529
41925.176584 103.940251137
41925.3730531 104.498815928
41925.5561683 105.833294
41925.7436882 103.164394821
41925.9256431 110.343031063
41926.1093104 106.070458411
41926.2882523 109.950838616
41926.4763372 108.12162987
41926.6590691 108.276771836
41926.8424494 106.37821144
41927.0361149 110.883155248
41927.2215157 106.570918205
41927.4073653 105.831365305
41927.5934819 107.027473735
41927.7744466 105.559972656
41927.9607374 108.409615807
41928.1475302 110.055435747
41928.32727 105.392111067
41928.5115361 113.740911939
41928.698625 115.273362033
41928.8866077 117.528901946
41929.0768128 117.297580586
41929.2636118 117.488081965
41929.4499425 110.285927035
41929.6378474 104.936532092
41929.831402 98.7595315793
41930.0224258 102.779331223
41930.2045669 99.8002376283
41930.3960098 105.209015226
41930.5720202 105.573384006
41930.7561119 108.389718508
41930.9460866 104.744313604
41931.131221 102.786915797
41931.3212258 107.552266013
41931.5088001 107.072029036
41931.695374 106.200275063
41931.8803131 108.651247955
41932.0682492 108.189296962
41932.2504591 108.441524727
41932.4454567 106.453764211
41932.6390036 107.726873967
41932.827289 112.537105004
41933.0171254 109.037491557
41933.203076 112.025243935
41933.3876542 109.251641832
41933.5794553 113.282321921
41933.7685969 114.020645991
41933.9645815 108.627029402
41934.152982 114.503275527
41934.3509718 109.72602762
41934.542055 101.605447547
41934.7360372 111.062409974
41934.9289755 110.393169001
41935.1196844 108.24417119
41935.3085622 106.435575882
41935.4955968 103.960197264
41935.6819446 107.092097232
41935.8671402 104.980973462
41936.0593029 110.579479334
41936.243999 102.186204539
41936.4245346 105.911507882
41936.6147163 107.538838388
41936.7927963 106.107323345
41936.9799288 106.895622594
41937.1616683 104.309763104
41937.3423934 104.238181655
41937.5259271 105.958667329
41937.7056513 104.006388294
41937.8888541 104.569022062
41938.0742912 106.871314524
41938.2662207 105.056477405
41938.4535408 107.923055639
41938.6407345 103.227065209
41938.8211655 103.887509053
41939.013674 105.843393202
41939.2029049 107.051553942
41939.4058194 102.802768532
41939.6158225 101.410869052
41939.8136824 109.537422384
41940.0136025 109.393624726
41940.2339495 111.887932227
41940.4227441 112.027595804
41940.6267594 110.391883204
41940.8139687 112.959407882
41941.0096755 110.011612861
41941.1990118 109.578095881
41941.3842539 106.917473002
41941.5755789 106.329017505
41941.779141 105.931779527
41941.9781101 105.870004313
41942.1701357 108.947591572
41942.366808 105.190192137
41942.5609762 104.721917953
41942.751659 114.717824562
41942.9400652 114.357117862
41943.1312065 107.851002189
41943.3242676 104.344504032
41943.5116334 108.003841115
41943.6985987 106.547838966
41943.8964036 107.366419544
41944.0961885 108.382312969
41944.2829997 103.583890105
41944.4753399 102.70028727
41944.6694022 104.384306768
41944.8621429 104.169733319
41945.0484245 103.254034391
41945.2304017 107.294797406
41945.4122363 101.585387489
41945.6025803 106.709686607
41945.7920101 104.601199535
41945.982482 104.786785589
41946.1686896 106.111384185
41946.3576348 110.863477674
41946.5412033 112.534826377
41946.7232639 112.226031689
41946.9176836 113.477665384
41947.1065814 111.479439458
41947.2907936 111.050585526
41947.4828743 104.786118277
41947.6665664 109.542435364
41947.8540792 101.459175951
41948.040363 104.933065323
41948.2254372 108.691400623
41948.4096291 100.389360438
41948.5893577 106.960278644
41948.8106364 107.602477193
41949.0606113 164.475655309
41949.3174011 212.417468933
41949.5160212 129.339027189
41949.7059668 115.263686005
41949.8843812 104.400672195
41950.0676592 105.893441622
41950.2525858 106.175039266
41950.4495694 109.201861964
41950.635694 106.098339043
41950.8392604 107.420870598
41951.0274491 111.353374403
41951.2087892 104.280808262
41951.390353 106.648619396
41951.5785719 106.063606253
41951.779646 108.60479651
41951.9580483 104.655316933
41952.1404755 103.53743866
41952.3267287 110.324321905
41952.508769 105.738112483
41952.6994605 105.128823821
41952.889007 111.738796071
41953.0753761 105.405367795
41953.2538802 104.259739097
41953.4421005 106.148818776
41953.6283923 102.824879355
41953.8170039 105.650287677
41953.9958717 104.729583906
41954.182329 109.286301381
41954.3755076 110.585574662
41954.5591581 108.785402137
41954.7477237 103.739048348
41954.9430074 108.938566581
41955.1265076 104.96276072
41955.3302467 103.743988086
41955.5258336 109.104369268
41955.7069816 106.699660647
41955.9036857 106.48647065
41956.0935758 110.108137141
41956.28268 112.140282062
41956.4786235 103.426127717
41956.6643578 106.821705553
41956.8456704 103.372685769
41957.0275289 106.318910165
41957.2159617 104.854273647
