21111150.0
22009630.0
25103053.0
22580356.0
22581945.0
22677738.0
20884514.0
20010097.0
25734256.0
25329105.0
22354976.0
23381632.0
22789047.0
21606866.0
20045356.0
26524592.0
23047225.0
22134551.0
21849818.0
22538041.0
25193760.0
23256163.0
24213227.0
25569825.0
24597573.0
22503473.0
20585503.0
22428412.0
26420921.0
26050410.0
23494919.0
23171771.0
22718140.0
25297735.0
26618375.0
23119355.0
21822618.0
21922033.0
28350150.0
22339319.0
24353394.0
25100979.0
25221241.0
22891740.0
20584996.0
24651784.0
25965992.0
23704530.0
24222588.0
22262969.0
22971756.0
22074103.0
25309974.0
24211682.0
23932387.0
23913554.0
24474279.0
24042545.0
23422080.0
23162147.0
21853505.0
23124281.0
22802494.0
23099670.0
22926570.0
22034140.0
15123415.0
21551689.0
23967328.0
22030146.0
22707242.0
22850001.0
22432650.0
22877008.0
22888652.0
22764399.0
22810821.0
23183306.0
22279756.0
23841993.0
24792987.0
29114024.0
24021077.0
21726707.0
24732050.0
27453521.0
21909881.0
22856491.0
22998478.0
24244142.0
23464197.0
22168775.0
22387317.0
24130943.0
23012215.0
20156932.0
23406454.0
22683976.0
23390400.0
23079468.0
22229911.0
22846756.0
22915180.0
22954992.0
22787564.0
22518988.0
22633549.0
21328428.0
30125343.0
23154884.0
22843104.0
22495721.0
22179855.0
21147454.0
21304816.0
22188466.0
23280091.0
21216599.0
21468293.0
19907658.0
22416253.0
21906484.0
21337514.0
23105116.0
23349426.0
23025034.0
22096879.0
22842651.0
23299949.0
23053696.0
24044531.0
22813422.0
22887857.0
22233709.0
22214005.0
22224932.0
23135799.0
22817547.0
26247947.0
28148753.0
24003622.0
22285837.0
22314439.0
22827060.0
23246045.0
24087974.0
24589272.0
23617368.0
26497885.0
25816158.0
24194054.0
22906804.0
21106374.0
21454346.0
21188254.0
21891532.0
23546471.0
25155322.0
23484936.0
23879617.0
23003267.0
24761491.0
24094455.0
22268820.0
22552368.0
22907473.0
22383298.0
22860425.0
22577041.0
22796782.0
22441694.0
21982388.0
21691458.0
22441857.0
22404839.0
22366550.0
23087852.0
21886976.0
23479376.0
22670609.0
23588328.0
23368478.0
22586810.0
24170153.0
22859388.0
22342133.0
22930898.0
22807603.0
38167682.0
23601558.0
22525475.0
22807095.0
23403316.0
26151173.0
30962567.0
34486113.0
37327358.0
33491017.0
27016596.0
21203254.0
20402072.0
23135213.0
21863980.0
18833573.0
12626300.0
13971984.0
17104698.0
18281742.0
21133181.0
22967042.0
23081438.0
22691583.0
23148662.0
23551914.0
22507271.0
22805116.0
22495434.0
22584816.0
23268108.0
22438516.0
22019925.0
22395420.0
23154787.0
22668043.0
22733299.0
22695742.0
22471527.0
23136259.0
22713590.0
22174474.0
23281727.0
23267769.0
22821544.0
22855749.0
23226206.0
22852063.0
16735878.0
14886399.0
22624087.0
22228969.0
22745684.0
22428883.0
22625411.0
22481764.0
22806974.0
22937087.0
22206198.0
22965177.0
22614479.0
17848867.0
24457920.0
25252855.0
22995041.0
22693663.0
22025261.0
21991718.0
22595335.0
22225421.0
22779065.0
22376978.0
21896267.0
22059443.0
22555754.0
22608295.0
22964620.0
23414300.0
18661814.0
21275752.0
23437046.0
24034880.0
24424075.0
22102832.0
23399230.0
23300816.0
22103422.0
22470214.0
23031300.0
23045123.0
22742963.0
23592068.0
23845769.0
22583089.0
22981372.0
22379001.0
21581052.0
21981446.0
22597986.0
22548828.0
23356719.0
22025082.0
23312291.0
22418004.0
22621010.0
23196772.0
21933679.0
22600169.0
22661373.0
22535202.0
22423542.0
22354281.0
22496150.0
22852226.0
22493966.0
21797318.0
22899623.0
22516707.0
22478121.0
22651234.0
23583529.0
23452076.0
22567013.0
22849909.0
22949466.0
22249858.0
22240912.0
amera drop
23243341.0
22621056.0
22258457.0
24858457.0
22803570.0
22343208.0
22776104.0
23553019.0
23803145.0
22617699.0
22633064.0
22981810.0
22694166.0
22709884.0
22103841.0
22504881.0
20658157.0
23069140.0
23902312.0
22988503.0
23023364.0
22751496.0
21623348.0
18737410.0
23643406.0
23890916.0
23521894.0
22957007.0
22792705.0
22808703.0
23197766.0
23201337.0
22787787.0
23630340.0
23747653.0
22328914.0
22751820.0
22344655.0
22709979.0
22816980.0
22123187.0
22402338.0
20022776.0
23801678.0
23120091.0
24137491.0
24090874.0
23092654.0
22663664.0
21923752.0
22944724.0
21945508.0
22546387.0
22745667.0
23118013.0
23611076.0
23538641.0
23944843.0
22929487.0
22553831.0
23331860.0
23243230.0
22565234.0
22768390.0
22351783.0
22417882.0
amera drop
22376204.0
22168737.0
23205916.0
23066808.0
23617253.0
24367406.0
22075908.0
22237802.0
23279133.0
23942460.0
23355377.0
24419056.0
24241429.0
24459266.0
23313590.0
22634306.0
22882473.0
22607992.0
22263199.0
22681987.0
22605439.0
22212653.0
22214824.0
22801923.0
22288972.0
22280054.0
22352241.0
23130750.0
22584668.0
23216460.0
22807385.0
22307055.0
22490114.0
22660875.0
22891498.0
22442968.0
22298616.0
22853331.0
22156167.0
22368729.0
22520483.0
22836797.0
22573438.0
22671569.0
23527086.0
21321301.0
22616709.0
24197260.0
23567809.0
22397623.0
22421958.0
22773040.0
22136645.0
23216646.0
22572686.0
23134012.0
21338457.0
22976680.0
22854581.0
22849857.0
22799529.0
22372227.0
22796787.0
22418708.0
22775768.0
23207248.0
22566203.0
22458442.0
23486933.0
22961652.0
23012842.0
22852104.0
35138174.0
22627940.0
21977240.0
22467982.0
22694777.0
22135341.0
23501169.0
22565217.0
22560136.0
23620457.0
22874317.0
22452386.0
23010955.0
22953945.0
12651628.0
22603803.0
22279924.0
22171996.0
23147396.0
22754755.0
22708205.0
23528417.0
23108593.0
22866571.0
22704860.0
22557352.0
22401067.0
22317164.0
22152755.0
22811804.0
22527901.0
22096922.0
amera drop
23794788.0
32875372.0
23242955.0
23542522.0
22893889.0
amera drop
amera drop
22710534.0
amera drop
13314916.0
23929147.0
22509998.0
22035105.0
23184047.0
22411443.0
23371451.0
24724978.0
22693943.0
22415936.0
22799895.0
22318828.0
22950445.0
22336728.0
22614900.0
22925514.0
23516949.0
22967820.0
22412009.0
22475064.0
22659021.0
22342395.0
22953905.0
21977352.0
22360316.0
23132127.0
22819803.0
23285000.0
22964087.0
22779616.0
22393435.0
22004466.0
22646761.0
22654375.0
amera drop
23031118.0
22905174.0
23651630.0
22566378.0
23440920.0
22477138.0
23074890.0
22416650.0
22394594.0
23165206.0
22719013.0
23493713.0
22270933.0
23163806.0
22760165.0
22515898.0
22752562.0
23022754.0
22626932.0
22415488.0
22364779.0
22581302.0
amera drop
38697296.0
24455734.0
23772558.0
22845824.0
23194229.0
22609844.0
24229484.0
22506652.0
22813605.0
22813496.0
22420154.0
22794849.0
24648330.0
23641259.0
20928975.0
20684916.0
22206192.0
24980676.0
22711406.0
23358820.0
24840915.0
24054729.0
21545165.0
23210020.0
22734450.0
22113472.0
21405180.0
23477572.0
22033999.0
23471417.0
22903363.0
23207612.0
22786912.0
23020404.0
22025360.0
23773697.0
23756067.0
23062762.0
22847212.0
22865300.0
22629026.0
22586062.0
21804185.0
22999780.0
21961607.0
22667649.0
23389692.0
23580032.0
26218660.0
22705127.0
24262597.0
23105037.0
22887903.0
23606688.0
22775103.0
23825267.0
23926147.0
22760784.0
21913894.0
9624892.0,
22033625.0
22933652.0
22704959.0
22235117.0
22471401.0
22520156.0
22568238.0
22210017.0
23481016.0
22381816.0
23284093.0
22819527.0
22288377.0
23335812.0
22098063.0
22937692.0
21932346.0
22662047.0
22414228.0
22539918.0
22756009.0
amera drop
23490083.0
23534860.0
24483132.0
22265716.0
23313049.0
22079955.0
21787572.0
23556731.0
24214098.0
22932966.0
24754781.0
24757960.0
24727226.0
23176293.0
23446518.0
23343220.0
23238849.0
22922101.0
22100442.0
22666603.0
23035188.0
22457894.0
22586951.0
22483705.0
22222640.0
22606264.0
22463303.0
22554829.0
22082169.0
23417005.0
22324130.0
22672925.0
23283847.0
40381516.0
23906216.0
22303841.0
22717024.0
23193037.0
21956787.0
23210680.0
22565198.0
22802793.0
22376292.0
18203731.0
11511057.0
22444044.0
22389598.0
22493261.0
22155112.0
19958323.0
24652154.0
39026772.0
25397874.0
10265506.0
21536211.0
23942567.0
22336097.0
21985975.0
22467399.0
22297356.0
22527824.0
22531213.0
22842825.0
23795357.0
23438088.0
21305732.0
23530897.0
22764950.0
amera drop
22747355.0
23242782.0
22667855.0
22513860.0
22294487.0
22888116.0
22321223.0
22677947.0
23210986.0
23118587.0
23184381.0
22879461.0
22865691.0
22859948.0
22350487.0
23007845.0
22251920.0
22341463.0
21973775.0
22468598.0
22581381.0
22072261.0
22473383.0
23303405.0
22467331.0
23243862.0
22534443.0
22948848.0
22632866.0
22895586.0
23218465.0
22697060.0
22433372.0
22538450.0
22444515.0
22518935.0
22624049.0
22245950.0
22598732.0
22812632.0
22654304.0
23319111.0
23096440.0
22901036.0
22365342.0
22640161.0
22548238.0
22157155.0
22483414.0
22860487.0
22298335.0
22627014.0
22207097.0
23071731.0
22094659.0
23895927.0
22790567.0
22617275.0
22924666.0
23076616.0
22338359.0
22593405.0
22094450.0
23230725.0
22411620.0
20506713.0
25785028.0
23796001.0
22811170.0
22008136.0
37902028.0
amera drop
29823645.0
22621764.0
23139366.0
22123587.0
21884964.0
23009755.0
22855742.0
23469746.0
23143333.0
23182759.0
22546947.0
22832932.0
22763545.0
22281792.0
23104569.0
22466392.0
21879958.0
23148930.0
22394887.0
23553413.0
15832930.0
amera drop
12067327.0
25177894.0
39634725.0
22221827.0
22597761.0
22910576.0
21672790.0
22125013.0
23366982.0
14723864.0
15464534.0
23525760.0
22518464.0
22849290.0
22504637.0
23065359.0
26326430.0
23965297.0
23693453.0
23312114.0
23471280.0
23291000.0
22455628.0
22535784.0
23216026.0
22588545.0
22337257.0
23005131.0
22776253.0
22867120.0
23389254.0
23775126.0
22828445.0
22781832.0
22001258.0
22059145.0
22820480.0
23996743.0
22638487.0
22814090.0
22432590.0
23229746.0
23051281.0
23255028.0
22727729.0
22243855.0
22620716.0
22561833.0
22386508.0
22721240.0
24012177.0
23892975.0
23130324.0
23036180.0
23593015.0
22028001.0
21791597.0
23444074.0
23064959.0
23260031.0
22798805.0
23474441.0
32073651.0
22973686.0
22759836.0
23280876.0
22501771.0
22424642.0
13791853.0
22496395.0
18848669.0
amera drop
22676017.0
24439737.0
24950677.0
23344615.0
23057488.0
23099046.0
22844312.0
22430070.0
22604492.0
22661690.0
22547120.0
amera drop
22298691.0
22838108.0
23345758.0
22947889.0
22792901.0
22459861.0
22696390.0
21869954.0
22494645.0
22568284.0
22615016.0
23464617.0
21893270.0
22018853.0
22792200.0
22809436.0
24014001.0
22304890.0
22785462.0
22813842.0
23256146.0
23348951.0
23162086.0
23303514.0
23089906.0
22476379.0
22647000.0
23252228.0
22326830.0
23380661.0
23549887.0
22904420.0
23405955.0
22835641.0
22463689.0
18417171.0
22059921.0
amera drop
22402634.0
25582994.0
22528807.0
21793233.0
37130022.0
amera drop
27090140.0
22295721.0
22934018.0
21771697.0
22477762.0
23222997.0
22273837.0
22463976.0
22880815.0
20895601.0
12280491.0
amera drop
20344372.0
amera drop
23373087.0
21302340.0
amera drop
amera drop
23017337.0
24468545.0
23684732.0
22206148.0
23861518.0
23683924.0
22904856.0
22436110.0
22224234.0
23525884.0
23705369.0
24074839.0
24113347.0
23879154.0
22593523.0
amera drop
22855894.0
22978173.0
23145975.0
21920680.0
23402052.0
21722464.0
25078833.0
22634277.0
22770368.0
21689373.0
23536635.0
23179965.0
23119613.0
22570920.0
22494081.0
23754927.0
22710463.0
23299515.0
23198686.0
22975945.0
32514301.0
23061209.0
23095959.0
22632484.0
22750661.0
22131613.0
22660471.0
22926899.0
13413115.0
23164545.0
23277023.0
22766502.0
23275100.0
21974911.0
22765028.0
20996192.0
22502571.0
22483439.0
22423919.0
22427320.0
23633412.0
23035559.0
22939649.0
22465360.0
23011956.0
22912477.0
22794746.0
22703802.0
22323674.0
23262512.0
22179931.0
23128100.0
21984727.0
22865944.0
21878638.0
23493514.0
22523288.0
23399630.0
22340485.0
23468011.0
23149921.0
22170704.0
21812747.0
23044063.0
22978877.0
22609117.0
23599206.0
23373909.0
22264904.0
amera drop
20222527.0
26001864.0
22863231.0
22430729.0
22751942.0
22861105.0
22992156.0
23416865.0
amera drop
23160210.0
amera drop
22747797.0
22415624.0
22447325.0
22756539.0
23212144.0
22647331.0
22448087.0
23468001.0
22600013.0
22780377.0
22702705.0
22614643.0
23179282.0
22726020.0
22496839.0
22405493.0
22637602.0
23703201.0
23352146.0
22825970.0
22407465.0
22289871.0
22763327.0
22281863.0
22571667.0
22884827.0
22841486.0
22794982.0
22478657.0
23540266.0
23060249.0
23290236.0
22942504.0
22602857.0
22500809.0
23460194.0
22658219.0
22752172.0
22299709.0
22812685.0
22983312.0
23002559.0
23285870.0
22963019.0
22802981.0
23203233.0
22173828.0
22116773.0
21964822.0
22021570.0
22430607.0
22443160.0
21159597.0
22831994.0
23441469.0
23618479.0
22410991.0
23641489.0
22971851.0
22374027.0
22682006.0
22799702.0
21902240.0
22444851.0
22537492.0
23333448.0
23797355.0
21887269.0
22557771.0
22386903.0
22280458.0
22634905.0
21751462.0
21798997.0
22889871.0
22710265.0
22515465.0
23471033.0
23521527.0
22914030.0
23267290.0
22370374.0
21612510.0
22117995.0
22195209.0
22046195.0
23459027.0
23257980.0
22904787.0
23205623.0
23323584.0
23039321.0
23266197.0
22655380.0
22483568.0
22692908.0
22148662.0
22300340.0
22859921.0
23027220.0
22625677.0
21925421.0
22710403.0
23483917.0
22445564.0
22593473.0
22486066.0
22475272.0
22744883.0
22141146.0
22346002.0
22443350.0
22748009.0
22798151.0
22668226.0
22608183.0
23809663.0
22633915.0
23015856.0
22636329.0
22436332.0
22666521.0
21825731.0
21604902.0
22554826.0
23575914.0
22214878.0
23108426.0
22891731.0
23900224.0
22777535.0
22742789.0
22856732.0
22923767.0
22233084.0
23398758.0
23590474.0
21936453.0
22459956.0
23215018.0
23310016.0
23590094.0
25802123.0
22000954.0
23216068.0
22746713.0
23425852.0
24517721.0
23457803.0
23156220.0
22256064.0
23258649.0
22579564.0
22215309.0
22260160.0
22635339.0
22848547.0
22535628.0
23256672.0
23639600.0
23117528.0
24588816.0
24792955.0
23997918.0
23140264.0
23637307.0
23692238.0
22612608.0
22546299.0
22648362.0
22503408.0
22058857.0
23486206.0
22262718.0
23064309.0
22792354.0
22573531.0
22633527.0
23753780.0
22650425.0
22689530.0
22525554.0
22705975.0
22699542.0
22704348.0
22612843.0
22122950.0
22519208.0
22333588.0
22050516.0
23185898.0
21893940.0
23821804.0
22937547.0
22740845.0
22687250.0
22416508.0
23084934.0
22321262.0
22923599.0
22543912.0
22625961.0
22887943.0
22796954.0
23373790.0
23035382.0
22399412.0
22583677.0
22777807.0
22816305.0
22132712.0
22649641.0
22290916.0
22914778.0
22504760.0
23870928.0
23455440.0
28253351.0
29428426.0
22650071.0
22939030.0
22038065.0
22645660.0
17228553.0
19241843.0
22281481.0
21627880.0
23716389.0
23136711.0
22546174.0
23503926.0
amera drop
22285216.0
22153371.0
22363266.0
23224403.0
22815847.0
23690188.0
22443912.0
23700202.0
22763031.0
22830639.0
23019889.0
22691059.0
22502743.0
22905977.0
22385030.0
21800354.0
20496028.0
22319047.0
23114953.0
22712715.0
23639053.0
23313160.0
23205653.0
22008067.0
23395429.0
22261190.0
23152009.0
21756363.0
22219754.0
22208116.0
22096676.0
22592441.0
22269774.0
23189324.0
23208795.0
22420854.0
23653331.0
22564777.0
22015487.0
22560368.0
22641408.0
22485007.0
23028413.0
22463579.0
22495175.0
23019850.0
23217609.0
22720752.0
23359000.0
22479199.0
22273928.0
22225265.0
24042967.0
23090853.0
23471426.0
23427268.0
amera drop
20261955.0
23091123.0
22958835.0
23418853.0
22710879.0
amera drop
22845950.0
22093198.0
22833101.0
22454372.0
22456927.0
23097016.0
22115580.0
23911773.0
24010715.0
24107394.0
24094817.0
22697660.0
21991221.0
22027889.0
22938049.0
22330595.0
22488058.0
23174103.0
24241385.0
22687137.0
23007346.0
22403254.0
22078701.0
22375236.0
22246451.0
22741849.0
22496011.0
22921385.0
23270924.0
23761355.0
23347148.0
24310205.0
24903250.0
22696983.0
22858244.0
23645922.0
23454252.0
23461250.0
23085266.0
22830370.0
22418900.0
22389018.0
22320475.0
22721695.0
39900569.0
26536499.0
22789012.0
22961522.0
22875315.0
22272425.0
22201546.0
23156407.0
22896314.0
22337833.0
21939897.0
22093461.0
22421851.0
25949708.0
24721807.0
20673124.0
22816045.0
22879992.0
22471590.0
21735133.0
24291443.0
23240878.0
22647358.0
24111754.0
22784243.0
24887300.0
23947993.0
23530113.0
23170210.0
23503829.0
22486452.0
23044815.0
23174243.0
22061712.0
22508407.0
22921608.0
22625487.0
22695812.0
23022034.0
22441795.0
22755890.0
22364958.0
22448707.0
23045019.0
23767660.0
22710607.0
22832901.0
21890927.0
23263884.0
23362886.0
22580593.0
21199066.0
22625174.0
23136366.0
23327905.0
22522062.0
23010227.0
23213703.0
23283074.0
22591899.0
22816144.0
22302768.0
22442293.0
22502394.0
22573163.0
22723237.0
23150846.0
22378786.0
22851193.0
22826604.0
23059863.0
22323542.0
23402087.0
22707453.0
22146443.0
22442779.0
22676337.0
23332117.0
22601087.0
23745610.0
23158570.0
23914419.0
23030246.0
22992798.0
22411966.0
23043929.0
21888412.0
22223814.0
22757301.0
22737564.0
22921054.0
23001905.0
22995254.0
22680132.0
22939926.0
23437182.0
22996932.0
22955906.0
